0	1	1	1	0	0	0	0	
0	0	1	0	0	0	0	0	
0	0	0	1	0	0	0	0	
0	0	0	0	0	0	0	0	
1	0	0	0	0	0	0	0	
0	0	0	0	0	0	1	0	
0	0	0	0	0	0	0	1	
0	0	0	0	0	0	0	0	

5 6 7 8 1 2 3 4 

2	2	2	2	2	2	2	2	
0	0	0	0	0	0	0	0	
0	0	0	0	0	0	0	0	
0	0	0	0	0	0	0	0	
0	0	0	0	0	0	0	0	
0	0	0	0	0	0	0	0	
0	0	0	0	0	0	0	0	
0	0	0	0	0	0	0	0	

127	8	2	127	127	127	127	127	127	
127	127	127	127	127	127	127	127	127	
127	4	127	5	8	127	127	127	127	
127	127	127	127	127	5	127	127	127	
127	127	127	4	127	6	127	127	127	
7	127	127	127	127	127	127	4	127	
127	127	127	127	7	3	127	7	127	
5	127	127	127	127	127	127	127	127	
1	127	127	127	127	127	127	3	127	

127	6	2	7	10	12	127	16	127	

